   0 [1, 1, 1, 1, 1, 0, 0, 0, 0, 0]           DESIGN-INT
   1 [2, 2, 2, 1, 1, 1, 1, 0, 0, 0]           DESIGN-INT
   2 [3, 3, 3, 1, 1, 1, 1, 1, 1, 0]           DESIGN-INT
   3 [7, 7, 6, 3, 3, 3, 2, 2, 1, 1]           DESIGN-INT
   4 [6, 6, 5, 3, 2, 2, 2, 2, 1, 1]           DESIGN-INT
   5 [5, 5, 4, 3, 2, 2, 1, 1, 1, 1]           DESIGN-INT
   6 [15, 15, 12, 6, 6, 5, 5, 5, 3, 3]        DESIGN-INT
   7 [14, 14, 11, 6, 6, 5, 5, 5, 2, 2]        DESIGN-INT
   8 [4, 4, 3, 3, 2, 2, 1, 1, 0, 0]           DESIGN-INT
   9 [12, 12, 9, 6, 4, 4, 4, 3, 3, 3]         DESIGN-INT
  10 [12, 12, 9, 5, 5, 5, 3, 3, 3, 3]         INTERFERENCE
  11 [16, 16, 12, 6, 6, 6, 6, 6, 3, 3]        DESIGN-INT
  12 [7, 7, 5, 5, 3, 3, 3, 1, 1, 0]           DESIGN-INT
  13 [7, 7, 5, 5, 3, 3, 2, 1, 1, 1]           DESIGN-INT
  14 [10, 10, 7, 7, 4, 4, 4, 2, 1, 1]         INTERFERENCE
  15 [10, 10, 7, 5, 5, 5, 2, 2, 2, 2]         INTERFERENCE
  16 [13, 13, 9, 9, 5, 5, 3, 3, 3, 2]         DESIGN-INT
  17 [16, 16, 11, 11, 6, 6, 4, 4, 3, 3]       DESIGN-INT
  18 [6, 6, 4, 4, 3, 3, 1, 1, 1, 1]           DESIGN-INT
  19 [9, 9, 6, 6, 4, 4, 4, 1, 1, 1]           INTERFERENCE
  20 [18, 18, 12, 12, 7, 7, 4, 4, 4, 4]       INTERFERENCE
  21 [3, 3, 2, 2, 1, 1, 1, 1, 1, 0]           DESIGN-INT
  22 [6, 6, 4, 4, 2, 2, 2, 2, 1, 1]           DESIGN-INT
  23 [9, 9, 6, 6, 3, 3, 3, 2, 2, 2]           DESIGN-INT
  24 [9, 9, 6, 5, 5, 5, 2, 2, 1, 1]           INTERFERENCE
  25 [3, 3, 2, 1, 1, 1, 1, 1, 1, 1]           DESIGN-INT
  26 [5, 5, 3, 3, 3, 3, 1, 1, 1, 0]           DESIGN-INT
  27 [10, 10, 6, 6, 3, 3, 3, 3, 3, 3]         DESIGN-INT
  28 [15, 15, 9, 8, 8, 8, 3, 3, 3, 3]         INTERFERENCE
  29 [7, 7, 4, 4, 4, 4, 2, 1, 1, 1]           INTERFERENCE
  30 [16, 16, 9, 9, 9, 9, 4, 4, 2, 2]         INTERFERENCE
  31 [18, 18, 10, 10, 10, 10, 4, 4, 3, 3]     INTERFERENCE
  32 [28, 28, 15, 15, 15, 15, 6, 6, 6, 6]     INTERFERENCE
  33 [2, 2, 1, 1, 1, 1, 1, 1, 0, 0]           DESIGN-INT
  34 [4, 4, 2, 2, 2, 2, 2, 1, 1, 0]           DESIGN-INT
  35 [6, 6, 3, 3, 3, 3, 3, 1, 1, 1]           DESIGN-REAL
  36 [7, 7, 3, 3, 3, 3, 3, 3, 3, 0]           DESIGN-INT
  37 [8, 8, 3, 3, 3, 3, 3, 3, 3, 3]           DESIGN-INT
  38 [21, 20, 12, 12, 12, 12, 4, 4, 4, 4]     INTERFERENCE
  39 [17, 16, 12, 12, 6, 6, 4, 4, 4, 4]       DESIGN-INT
  40 [15, 14, 11, 11, 6, 6, 6, 2, 2, 2]       INTERFERENCE
  41 [15, 14, 11, 11, 6, 6, 3, 3, 3, 3]       DESIGN-INT
  42 [15, 14, 9, 9, 9, 9, 3, 3, 2, 2]         INTERFERENCE
  43 [13, 12, 12, 6, 5, 5, 4, 4, 2, 2]        DESIGN-INT
  44 [12, 11, 11, 6, 5, 5, 3, 3, 2, 2]        DESIGN-INT
  45 [24, 22, 22, 10, 10, 10, 7, 7, 4, 4]     DESIGN-INT
  46 [12, 11, 9, 9, 5, 5, 5, 2, 1, 1]         DESIGN-INT
  47 [12, 11, 8, 7, 7, 7, 2, 2, 2, 2]         INTERFERENCE
  48 [23, 21, 21, 10, 10, 10, 7, 7, 3, 3]     DESIGN-INT
  49 [11, 10, 10, 6, 5, 5, 3, 3, 1, 1]        DESIGN-INT
  50 [11, 10, 10, 6, 4, 4, 3, 3, 2, 2]        DESIGN-INT
  51 [22, 20, 20, 10, 10, 10, 6, 6, 3, 3]     DESIGN-INT
  52 [11, 10, 10, 4, 4, 4, 4, 4, 2, 2]        DESIGN-INT
  53 [11, 10, 8, 8, 5, 5, 5, 1, 1, 1]         DESIGN-INT
  54 [21, 19, 19, 10, 7, 7, 7, 7, 4, 4]       DESIGN-INT
  55 [10, 9, 9, 6, 4, 4, 3, 3, 1, 1]          DESIGN-INT
  56 [20, 18, 18, 10, 7, 7, 7, 7, 3, 3]       DESIGN-INT
  57 [10, 9, 7, 6, 6, 6, 2, 2, 1, 1]          DESIGN-INT
  58 [9, 8, 8, 6, 4, 4, 2, 2, 1, 1]           DESIGN-INT
  59 [18, 16, 16, 10, 7, 7, 4, 4, 4, 4]       DESIGN-INT
  60 [18, 16, 16, 10, 6, 6, 6, 6, 3, 3]       DESIGN-INT
  61 [9, 8, 8, 4, 4, 4, 2, 2, 2, 2]           DESIGN-INT
  62 [9, 8, 7, 7, 4, 4, 3, 1, 1, 1]           DESIGN-INT
  63 [16, 14, 14, 10, 7, 7, 3, 3, 3, 3]       DESIGN-INT
  64 [8, 7, 5, 5, 5, 5, 2, 1, 1, 1]           DESIGN-INT
  65 [23, 20, 14, 14, 14, 14, 4, 4, 4, 4]     INTERFERENCE
  66 [15, 13, 13, 10, 6, 6, 3, 3, 3, 3]       DESIGN-INT
  67 [14, 12, 12, 10, 7, 7, 3, 3, 1, 1]       DESIGN-INT
  68 [7, 6, 6, 4, 4, 4, 2, 2, 0, 0]           DESIGN-INT
  69 [7, 6, 6, 4, 2, 2, 2, 2, 2, 2]           DESIGN-INT
  70 [7, 6, 5, 5, 4, 4, 1, 1, 1, 1]           DESIGN-INT
  71 [7, 6, 5, 5, 2, 2, 2, 2, 2, 2]           DESIGN-INT
  72 [13, 11, 11, 10, 6, 6, 3, 3, 1, 1]       DESIGN-INT
  73 [19, 16, 12, 12, 12, 12, 4, 4, 2, 2]     DESIGN-INT
  74 [6, 5, 5, 5, 3, 3, 1, 1, 1, 0]           DESIGN-INT
  75 [6, 5, 5, 2, 2, 2, 2, 2, 2, 2]           DESIGN-INT
  76 [11, 9, 9, 9, 5, 5, 3, 2, 1, 1]          DESIGN-INT
  77 [11, 9, 9, 8, 6, 6, 2, 2, 1, 1]          DESIGN-INT
  78 [27, 22, 22, 22, 12, 12, 6, 6, 3, 3]     DESIGN-INT
  79 [32, 26, 26, 26, 15, 15, 7, 7, 3, 3]     DESIGN-INT
  80 [21, 17, 17, 17, 9, 9, 6, 3, 3, 3]       DESIGN-INT
  81 [10, 8, 8, 8, 5, 5, 3, 1, 1, 1]          DESIGN-INT
  82 [5, 4, 4, 4, 2, 2, 2, 2, 0, 0]           DESIGN-INT
  83 [5, 4, 4, 4, 2, 2, 2, 1, 1, 0]           DESIGN-INT
  84 [15, 12, 12, 12, 6, 6, 6, 2, 2, 2]       DESIGN-INT
  85 [5, 4, 4, 4, 2, 2, 1, 1, 1, 1]           DESIGN-INT
  86 [20, 16, 16, 14, 11, 11, 3, 3, 3, 3]     DESIGN-INT
  87 [5, 4, 4, 3, 3, 3, 1, 1, 1, 0]           DESIGN-INT
  88 [28, 22, 22, 22, 15, 15, 5, 5, 3, 3]     DESIGN-INT
  89 [9, 7, 7, 7, 5, 5, 2, 1, 1, 1]           DESIGN-INT
  90 [9, 7, 7, 7, 3, 3, 3, 3, 3, 0]           DESIGN-INT
  91 [13, 10, 10, 10, 7, 7, 2, 2, 2, 2]       DESIGN-REAL
  92 [13, 10, 10, 8, 8, 8, 2, 2, 2, 2]        DESIGN-INT
  93 [21, 16, 16, 16, 12, 12, 4, 4, 2, 2]     DESIGN-INT
  94 [21, 16, 16, 16, 6, 6, 6, 6, 6, 6]       DESIGN-INT
  95 [4, 3, 3, 2, 2, 2, 2, 2, 0, 0]           DESIGN-INT
  96 [3, 2, 2, 2, 2, 2, 2, 0, 0, 0]           DESIGN-INT
  97 [3, 2, 2, 2, 2, 2, 1, 1, 0, 0]           DESIGN-INT
  98 [9, 6, 6, 6, 6, 6, 2, 2, 2, 0]           DESIGN-INT
  99 [6, 4, 4, 4, 4, 4, 1, 1, 1, 1]           DESIGN-INT
 100 [7, 4, 4, 4, 4, 4, 4, 4, 0, 0]           DESIGN-INT
 101 [2, 1, 1, 1, 1, 1, 1, 1, 1, 0]           DESIGN-INT
 102 [9, 4, 4, 4, 4, 4, 4, 4, 4, 4]           DESIGN-INT
 103 [31, 31, 23, 23, 12, 12, 7, 7, 7, 7]     DESIGN-INT
 104 [24, 24, 22, 9, 9, 9, 9, 9, 5, 5]        DESIGN-INT
 105 [23, 23, 21, 9, 9, 9, 9, 9, 4, 4]        DESIGN-INT
 106 [23, 23, 17, 17, 8, 8, 6, 6, 6, 6]       DESIGN-INT
 107 [22, 22, 21, 9, 9, 8, 8, 8, 4, 4]        DESIGN-INT
 108 [22, 22, 17, 17, 10, 10, 10, 3, 2, 2]    DESIGN-INT
 109 [19, 19, 15, 15, 9, 9, 8, 2, 2, 2]       DESIGN-INT
 110 [17, 17, 17, 9, 7, 7, 5, 5, 3, 3]        DESIGN-INT
 111 [17, 17, 17, 7, 7, 7, 6, 6, 3, 3]        DESIGN-INT
 112 [34, 34, 33, 13, 13, 13, 13, 13, 7, 7]   DESIGN-INT
 113 [17, 17, 16, 8, 8, 8, 4, 4, 4, 4]        INTERFERENCE
 114 [17, 17, 11, 11, 11, 11, 3, 3, 3, 3]     INTERFERENCE
 115 [33, 33, 32, 13, 13, 13, 13, 13, 6, 6]   DESIGN-INT
 116 [16, 16, 16, 9, 7, 7, 5, 5, 2, 2]        DESIGN-INT
 117 [16, 16, 16, 7, 6, 6, 6, 6, 3, 3]        DESIGN-INT
 118 [16, 16, 14, 9, 5, 5, 5, 5, 5, 5]        DESIGN-INT
 119 [16, 16, 13, 13, 7, 7, 7, 4, 1, 1]       DESIGN-INT
 120 [16, 16, 13, 13, 7, 7, 7, 2, 2, 2]       DESIGN-INT
 121 [16, 16, 13, 10, 10, 10, 4, 4, 1, 1]     DESIGN-INT
 122 [15, 15, 15, 9, 7, 7, 4, 4, 2, 2]        DESIGN-INT
 123 [15, 15, 15, 7, 7, 7, 4, 4, 3, 3]        DESIGN-INT
 124 [45, 45, 45, 18, 18, 17, 17, 17, 9, 9]   DESIGN-INT
 125 [15, 15, 14, 9, 5, 5, 5, 4, 4, 4]        DESIGN-INT
 126 [15, 15, 10, 10, 10, 10, 3, 3, 2, 2]     DESIGN-INT
 127 [44, 44, 44, 18, 18, 17, 17, 17, 8, 8]   DESIGN-INT
 128 [14, 14, 14, 9, 6, 6, 4, 4, 2, 2]        DESIGN-INT
 129 [56, 56, 56, 22, 22, 22, 22, 22, 11, 11] DESIGN-INT
 130 [70, 70, 70, 27, 27, 27, 27, 27, 15, 15] DESIGN-INT
 131 [14, 14, 10, 10, 9, 9, 3, 2, 2, 2]       DESIGN-INT
 132 [67, 67, 67, 27, 27, 27, 27, 27, 12, 12] DESIGN-INT
 133 [13, 13, 13, 7, 7, 7, 4, 4, 1, 1]        DESIGN-INT
 134 [13, 13, 13, 7, 6, 6, 3, 3, 3, 3]        DESIGN-INT
 135 [13, 13, 11, 11, 7, 7, 4, 2, 2, 0]       DESIGN-INT
 136 [13, 13, 11, 9, 4, 4, 4, 4, 4, 4]        DESIGN-INT
 137 [13, 13, 10, 10, 7, 7, 7, 1, 1, 1]       DESIGN-INT
 138 [13, 13, 10, 10, 4, 4, 4, 4, 4, 4]       DESIGN-INT
 139 [12, 12, 12, 7, 4, 4, 4, 4, 3, 3]        DESIGN-INT
 140 [36, 36, 36, 17, 17, 17, 9, 9, 9, 9]     INTERFERENCE
 141 [12, 12, 10, 10, 7, 7, 3, 2, 2, 0]       DESIGN-INT
 142 [12, 12, 9, 8, 8, 8, 2, 2, 2, 2]         DESIGN-INT
 143 [23, 22, 16, 16, 16, 16, 4, 4, 4, 4]     DESIGN-INT
 144 [34, 34, 34, 17, 17, 17, 8, 8, 8, 8]     INTERFERENCE
 145 [11, 11, 11, 7, 4, 4, 3, 3, 3, 3]        DESIGN-INT
 146 [22, 22, 21, 13, 7, 7, 7, 7, 7, 7]       DESIGN-INT
 147 [11, 11, 10, 7, 7, 7, 3, 3, 1, 0]        DESIGN-INT
 148 [21, 21, 20, 13, 13, 13, 6, 6, 1, 1]     DESIGN-INT
 149 [10, 10, 10, 7, 4, 4, 4, 4, 1, 1]        DESIGN-INT
 150 [10, 10, 10, 6, 6, 6, 3, 3, 1, 0]        DESIGN-INT
 151 [30, 30, 30, 18, 10, 10, 10, 9, 9, 9]    DESIGN-INT
 152 [10, 10, 9, 9, 5, 5, 3, 2, 2, 0]         DESIGN-INT
 153 [10, 10, 9, 8, 6, 6, 2, 2, 2, 0]         DESIGN-INT
 154 [10, 10, 8, 8, 6, 6, 5, 1, 1, 0]         DESIGN-INT
 155 [10, 10, 7, 7, 7, 7, 4, 1, 1, 1]         DESIGN-INT
 156 [30, 30, 21, 21, 21, 21, 6, 5, 5, 5]     DESIGN-INT
 157 [29, 29, 25, 25, 17, 17, 6, 6, 6, 0]     DESIGN-INT
 158 [29, 29, 21, 21, 20, 20, 5, 5, 5, 5]     DESIGN-INT
 159 [19, 19, 18, 13, 6, 6, 6, 6, 6, 6]       DESIGN-INT
 160 [19, 19, 17, 17, 9, 9, 5, 5, 5, 0]       DESIGN-INT
 161 [46, 46, 46, 27, 15, 15, 15, 15, 15, 15] DESIGN-INT
 162 [9, 9, 9, 7, 5, 5, 2, 2, 2, 0]           DESIGN-INT
 163 [18, 18, 18, 12, 11, 11, 5, 5, 1, 1]     DESIGN-INT
 164 [27, 27, 27, 18, 9, 9, 9, 8, 8, 8]       DESIGN-INT
 165 [9, 9, 8, 8, 4, 4, 4, 3, 1, 0]           DESIGN-INT
 166 [9, 9, 8, 6, 6, 6, 3, 3, 0, 0]           INTERFERENCE
 167 [9, 9, 7, 7, 6, 6, 4, 1, 1, 0]           DESIGN-INT
 168 [34, 34, 34, 22, 11, 11, 11, 11, 11, 11] DESIGN-INT
 169 [17, 17, 15, 15, 7, 7, 7, 7, 3, 0]       DESIGN-INT
 170 [25, 25, 23, 23, 13, 13, 6, 6, 6, 0]     DESIGN-INT
 171 [50, 50, 36, 36, 36, 36, 9, 9, 9, 9]     INTERFERENCE
 172 [8, 8, 8, 7, 4, 4, 2, 2, 2, 0]           DESIGN-INT
 173 [8, 8, 8, 6, 5, 5, 2, 2, 1, 0]           DESIGN-INT
 174 [8, 8, 8, 5, 5, 5, 3, 3, 0, 0]           INTERFERENCE
 175 [8, 8, 8, 3, 3, 3, 3, 3, 3, 3]           DESIGN-INT
 176 [8, 8, 7, 7, 5, 5, 3, 1, 1, 0]           DESIGN-INT
 177 [24, 24, 21, 21, 15, 15, 5, 5, 5, 0]     DESIGN-INT
 178 [8, 8, 7, 7, 4, 4, 4, 3, 0, 0]           INTERFERENCE
 179 [15, 15, 15, 10, 10, 10, 4, 4, 1, 1]     DESIGN-INT
 180 [15, 15, 12, 12, 10, 10, 8, 1, 1, 1]     DESIGN-INT
 181 [37, 37, 37, 27, 12, 12, 12, 12, 12, 12] DESIGN-INT
 182 [7, 7, 7, 7, 4, 4, 1, 1, 1, 1]           DESIGN-INT
 183 [7, 7, 7, 6, 3, 3, 3, 3, 1, 0]           DESIGN-INT
 184 [14, 14, 13, 13, 6, 6, 6, 6, 1, 1]       DESIGN-INT
 185 [14, 14, 12, 12, 9, 9, 7, 1, 1, 1]       DESIGN-INT
 186 [14, 14, 12, 12, 7, 7, 7, 7, 0, 0]       INTERFERENCE
 187 [20, 20, 16, 16, 13, 13, 13, 2, 2, 0]    DESIGN-INT
 188 [13, 13, 13, 12, 6, 6, 5, 5, 1, 1]       DESIGN-INT
 189 [13, 13, 13, 9, 9, 9, 4, 4, 1, 0]        INTERFERENCE
 190 [13, 13, 13, 9, 9, 9, 3, 3, 3, 0]        DESIGN-INT
 191 [13, 13, 12, 12, 6, 6, 6, 6, 1, 0]       INTERFERENCE
 192 [13, 13, 11, 11, 9, 9, 6, 1, 1, 1]       DESIGN-INT
 193 [19, 19, 16, 16, 12, 12, 12, 2, 2, 0]    DESIGN-INT
 194 [6, 6, 6, 6, 3, 3, 2, 2, 1, 0]           DESIGN-INT
 195 [6, 6, 6, 5, 4, 4, 2, 2, 0, 0]           DESIGN-INT
 196 [18, 18, 18, 15, 12, 12, 4, 4, 4, 0]     DESIGN-INT
 197 [6, 6, 6, 5, 3, 3, 3, 3, 0, 0]           INTERFERENCE
 198 [6, 6, 5, 5, 4, 4, 4, 1, 0, 0]           DESIGN-INT
 199 [12, 12, 9, 9, 9, 8, 8, 3, 0, 0]         DESIGN-INT
 200 [17, 17, 17, 17, 9, 9, 6, 4, 4, 0]       DESIGN-INT
 201 [17, 17, 13, 13, 13, 13, 10, 2, 2, 0]    DESIGN-INT
 202 [28, 28, 28, 27, 12, 12, 12, 12, 3, 3]   DESIGN-INT
 203 [11, 11, 11, 11, 6, 6, 3, 3, 3, 0]       DESIGN-REAL
 204 [11, 11, 11, 11, 5, 5, 5, 4, 1, 1]       DESIGN-INT
 205 [11, 11, 11, 11, 5, 5, 5, 3, 3, 0]       DESIGN-INT
 206 [11, 11, 11, 11, 5, 5, 5, 2, 2, 2]       DESIGN-INT
 207 [11, 11, 11, 8, 8, 8, 2, 2, 2, 2]        DESIGN-INT
 208 [11, 11, 9, 9, 8, 8, 7, 1, 1, 0]         DESIGN-INT
 209 [11, 10, 10, 10, 8, 8, 4, 4, 0, 0]       DESIGN-INT
 210 [27, 27, 27, 27, 12, 12, 11, 11, 3, 3]   DESIGN-INT
 211 [21, 21, 21, 21, 9, 9, 9, 9, 3, 2]       DESIGN-INT
 212 [47, 47, 47, 47, 20, 20, 20, 20, 6, 6]   INTERFERENCE
 213 [5, 5, 5, 5, 3, 3, 2, 2, 0, 0]           DESIGN-INT
 214 [10, 10, 10, 10, 5, 5, 5, 4, 1, 0]       INTERFERENCE
 215 [15, 15, 15, 15, 7, 7, 7, 7, 1, 1]       INTERFERENCE
 216 [5, 5, 5, 5, 2, 2, 2, 2, 2, 0]           DESIGN-INT
 217 [5, 5, 5, 3, 3, 3, 3, 3, 0, 0]           DESIGN-REAL
 218 [15, 15, 14, 14, 8, 8, 8, 8, 0, 0]       INTERFERENCE
 219 [10, 10, 9, 9, 7, 7, 6, 1, 1, 0]         DESIGN-INT
 220 [15, 15, 13, 13, 11, 11, 9, 1, 1, 1]     DESIGN-INT
 221 [20, 20, 17, 17, 14, 14, 14, 2, 2, 0]    DESIGN-INT
 222 [5, 5, 4, 4, 4, 4, 3, 1, 0, 0]           DESIGN-INT
 223 [15, 15, 12, 12, 12, 12, 8, 2, 2, 0]     DESIGN-INT
 224 [5, 5, 4, 4, 4, 4, 2, 2, 0, 0]           DESIGN-INT
 225 [15, 15, 12, 12, 11, 11, 11, 1, 1, 1]    DESIGN-INT
 226 [20, 20, 15, 15, 15, 15, 15, 3, 1, 1]    DESIGN-INT
 227 [60, 60, 45, 45, 45, 45, 45, 5, 5, 5]    DESIGN-INT
 228 [39, 39, 30, 30, 30, 29, 29, 3, 3, 3]    DESIGN-INT
 229 [29, 29, 22, 22, 22, 22, 22, 3, 2, 2]    DESIGN-INT
 230 [19, 19, 19, 19, 9, 9, 9, 9, 3, 0]       INTERFERENCE
 231 [19, 19, 15, 15, 15, 14, 14, 2, 1, 1]    DESIGN-INT
 232 [14, 14, 11, 11, 11, 11, 10, 1, 1, 1]    DESIGN-INT
 233 [23, 23, 23, 23, 8, 8, 8, 8, 8, 8]       DESIGN-INT
 234 [9, 9, 8, 8, 7, 7, 5, 1, 1, 0]           DESIGN-INT
 235 [9, 9, 7, 7, 7, 7, 7, 1, 1, 0]           DESIGN-INT
 236 [49, 49, 38, 38, 38, 38, 38, 4, 4, 4]    DESIGN-INT
 237 [13, 13, 13, 13, 9, 9, 6, 2, 2, 0]       DESIGN-INT
 238 [13, 13, 12, 12, 10, 10, 5, 5, 0, 0]     DESIGN-INT
 239 [13, 13, 12, 12, 9, 9, 9, 1, 1, 1]       DESIGN-INT
 240 [39, 39, 31, 31, 31, 30, 30, 3, 3, 3]    DESIGN-INT
 241 [13, 13, 10, 10, 10, 10, 10, 4, 0, 0]    DESIGN-INT
 242 [17, 17, 17, 17, 9, 9, 9, 9, 1, 0]       INTERFERENCE
 243 [17, 17, 14, 14, 14, 14, 11, 2, 2, 0]    DESIGN-INT
 244 [29, 29, 23, 23, 23, 23, 23, 3, 2, 2]    DESIGN-INT
 245 [4, 4, 4, 4, 3, 3, 2, 1, 0, 0]           DESIGN-INT
 246 [12, 12, 12, 12, 9, 9, 5, 2, 2, 0]       DESIGN-INT
 247 [12, 12, 12, 12, 9, 9, 4, 4, 1, 0]       DESIGN-INT
 248 [4, 4, 4, 4, 3, 3, 1, 1, 1, 0]           DESIGN-INT
 249 [8, 8, 8, 8, 5, 5, 5, 3, 0, 0]           INTERFERENCE
 250 [12, 12, 12, 12, 7, 7, 7, 6, 0, 0]       INTERFERENCE
 251 [12, 12, 10, 10, 10, 9, 9, 3, 0, 0]      DESIGN-INT
 252 [20, 20, 16, 16, 16, 16, 16, 3, 1, 1]    DESIGN-INT
 253 [60, 60, 48, 48, 48, 48, 48, 5, 5, 5]    DESIGN-INT
 254 [11, 11, 11, 11, 8, 8, 7, 1, 1, 1]       DESIGN-INT
 255 [22, 22, 22, 22, 13, 13, 13, 13, 0, 0]   INTERFERENCE
 256 [29, 29, 29, 29, 20, 20, 20, 3, 3, 3]    INTERFERENCE
 257 [25, 25, 25, 25, 20, 20, 9, 9, 1, 1]     DESIGN-INT
 258 [14, 14, 14, 14, 11, 11, 8, 2, 2, 0]     DESIGN-INT
 259 [14, 14, 14, 14, 11, 11, 6, 6, 0, 0]     INTERFERENCE
 260 [7, 7, 7, 7, 5, 5, 5, 1, 1, 0]           DESIGN-INT
 261 [14, 14, 14, 14, 10, 10, 10, 2, 1, 1]    INTERFERENCE
 262 [7, 7, 7, 6, 6, 6, 3, 3, 0, 0]           DESIGN-INT
 263 [30, 30, 30, 30, 22, 22, 22, 3, 3, 3]    INTERFERENCE
 264 [10, 10, 9, 9, 9, 9, 6, 1, 1, 1]         DESIGN-INT
 265 [13, 13, 13, 13, 11, 11, 5, 5, 1, 0]     DESIGN-INT
 266 [9, 9, 9, 9, 8, 8, 5, 1, 1, 1]           DESIGN-INT
 267 [18, 18, 18, 18, 16, 16, 7, 7, 1, 1]     DESIGN-INT
 268 [9, 9, 9, 9, 7, 7, 7, 3, 0, 0]           INTERFERENCE
 269 [12, 12, 12, 11, 11, 11, 7, 2, 1, 1]     DESIGN-INT
 270 [9, 9, 9, 8, 8, 8, 6, 3, 0, 0]           DESIGN-INT
 271 [22, 22, 22, 21, 21, 21, 12, 3, 3, 3]    DESIGN-INT
 272 [24, 24, 24, 23, 23, 23, 15, 3, 3, 3]    DESIGN-INT
 273 [5, 5, 5, 5, 5, 5, 3, 1, 1, 0]           DESIGN-INT
 274 [15, 15, 15, 15, 15, 15, 8, 3, 2, 2]     DESIGN-INT
 275 [10, 10, 10, 10, 10, 10, 5, 3, 1, 1]     DESIGN-INT
 276 [30, 30, 30, 30, 30, 30, 15, 5, 5, 5]    DESIGN-INT
 277 [5, 5, 5, 5, 5, 5, 2, 2, 1, 0]           DESIGN-INT
 278 [10, 10, 10, 10, 10, 10, 4, 4, 1, 1]     DESIGN-INT
 279 [15, 15, 15, 15, 15, 15, 5, 5, 5, 0]     DESIGN-INT
 280 [20, 20, 20, 20, 20, 20, 5, 5, 5, 5]     DESIGN-INT
 281 [27, 27, 27, 27, 27, 27, 16, 4, 4, 4]    DESIGN-INT
 282 [17, 17, 17, 17, 17, 17, 11, 3, 2, 2]    DESIGN-INT
 283 [12, 12, 12, 12, 12, 12, 8, 3, 1, 1]     DESIGN-INT
 284 [36, 36, 36, 36, 36, 36, 24, 5, 5, 5]    DESIGN-INT
 285 [7, 7, 7, 7, 7, 7, 4, 4, 0, 0]           DESIGN-INT
 286 [2, 2, 2, 2, 2, 2, 2, 1, 0, 0]           DESIGN-INT
 287 [4, 4, 4, 4, 4, 4, 4, 1, 1, 0]           DESIGN-INT
 288 [6, 6, 6, 6, 6, 6, 6, 1, 1, 1]           DESIGN-INT
 289 [5, 5, 5, 5, 5, 5, 5, 5, 0, 0]           DESIGN-INT
 290 [5, 5, 5, 5, 5, 5, 5, 5, 5, 0]           DESIGN-INT
 291 [1, 1, 1, 1, 1, 1, 1, 1, 1, 1]           DESIGN-INT
CENSUS: {'DESIGN-INT': 246, 'INTERFERENCE': 42, 'DESIGN-REAL': 4}
