   0 [1, 1, 1, 1, 0, 0, 0, 0, 0]              DESIGN-INT
   1 [2, 2, 1, 1, 1, 1, 0, 0, 0]              DESIGN-INT
   2 [3, 3, 1, 1, 1, 1, 1, 1, 0]              DESIGN-INT
   3 [7, 6, 3, 3, 3, 2, 2, 1, 1]              DESIGN-INT
   4 [6, 5, 3, 2, 2, 2, 2, 1, 1]              DESIGN-INT
   5 [5, 4, 3, 2, 2, 1, 1, 1, 1]              DESIGN-INT
   6 [15, 12, 6, 6, 5, 5, 5, 3, 3]            DESIGN-INT
   7 [14, 11, 6, 6, 5, 5, 5, 2, 2]            DESIGN-INT
   8 [4, 3, 3, 2, 2, 1, 1, 0, 0]              DESIGN-INT
   9 [12, 9, 6, 4, 4, 4, 3, 3, 3]             DESIGN-INT
  10 [12, 9, 5, 5, 5, 3, 3, 3, 3]             INTERFERENCE
  11 [16, 12, 6, 6, 6, 6, 6, 3, 3]            DESIGN-INT
  12 [7, 5, 5, 3, 3, 3, 1, 1, 0]              DESIGN-INT
  13 [7, 5, 5, 3, 3, 2, 1, 1, 1]              DESIGN-INT
  14 [10, 7, 7, 4, 4, 4, 2, 1, 1]             INTERFERENCE
  15 [10, 7, 5, 5, 5, 2, 2, 2, 2]             INTERFERENCE
  16 [13, 9, 9, 5, 5, 3, 3, 3, 2]             DESIGN-INT
  17 [16, 11, 11, 6, 6, 4, 4, 3, 3]           DESIGN-INT
  18 [6, 4, 4, 3, 3, 1, 1, 1, 1]              DESIGN-INT
  19 [9, 6, 6, 4, 4, 4, 1, 1, 1]              INTERFERENCE
  20 [18, 12, 12, 7, 7, 4, 4, 4, 4]           INTERFERENCE
  21 [3, 2, 2, 1, 1, 1, 1, 1, 0]              DESIGN-INT
  22 [6, 4, 4, 2, 2, 2, 2, 1, 1]              DESIGN-INT
  23 [9, 6, 6, 3, 3, 3, 2, 2, 2]              DESIGN-INT
  24 [9, 6, 5, 5, 5, 2, 2, 1, 1]              INTERFERENCE
  25 [3, 2, 1, 1, 1, 1, 1, 1, 1]              DESIGN-INT
  26 [5, 3, 3, 3, 3, 1, 1, 1, 0]              DESIGN-INT
  27 [10, 6, 6, 3, 3, 3, 3, 3, 3]             DESIGN-INT
  28 [15, 9, 8, 8, 8, 3, 3, 3, 3]             INTERFERENCE
  29 [7, 4, 4, 4, 4, 2, 1, 1, 1]              INTERFERENCE
  30 [16, 9, 9, 9, 9, 4, 4, 2, 2]             INTERFERENCE
  31 [18, 10, 10, 10, 10, 4, 4, 3, 3]         INTERFERENCE
  32 [28, 15, 15, 15, 15, 6, 6, 6, 6]         INTERFERENCE
  33 [2, 1, 1, 1, 1, 1, 1, 0, 0]              DESIGN-INT
  34 [4, 2, 2, 2, 2, 2, 1, 1, 0]              DESIGN-INT
  35 [6, 3, 3, 3, 3, 3, 1, 1, 1]              DESIGN-REAL
  36 [7, 3, 3, 3, 3, 3, 3, 3, 0]              DESIGN-INT
  37 [8, 3, 3, 3, 3, 3, 3, 3, 3]              DESIGN-INT
  38 [20, 12, 12, 12, 12, 4, 4, 4, 4]         INTERFERENCE
  39 [16, 12, 12, 6, 6, 4, 4, 4, 4]           DESIGN-INT
  40 [14, 11, 11, 6, 6, 6, 2, 2, 2]           INTERFERENCE
  41 [14, 11, 11, 6, 6, 3, 3, 3, 3]           DESIGN-INT
  42 [14, 9, 9, 9, 9, 3, 3, 2, 2]             INTERFERENCE
  43 [12, 12, 6, 5, 5, 4, 4, 2, 2]            DESIGN-INT
  44 [11, 11, 6, 5, 5, 3, 3, 2, 2]            DESIGN-INT
  45 [22, 22, 10, 10, 10, 7, 7, 4, 4]         DESIGN-INT
  46 [11, 9, 9, 5, 5, 5, 2, 1, 1]             DESIGN-INT
  47 [11, 8, 7, 7, 7, 2, 2, 2, 2]             INTERFERENCE
  48 [21, 21, 10, 10, 10, 7, 7, 3, 3]         DESIGN-INT
  49 [10, 10, 6, 5, 5, 3, 3, 1, 1]            DESIGN-INT
  50 [10, 10, 6, 4, 4, 3, 3, 2, 2]            DESIGN-INT
  51 [20, 20, 10, 10, 10, 6, 6, 3, 3]         DESIGN-INT
  52 [10, 10, 4, 4, 4, 4, 4, 2, 2]            DESIGN-INT
  53 [10, 8, 8, 5, 5, 5, 1, 1, 1]             DESIGN-INT
  54 [19, 19, 10, 7, 7, 7, 7, 4, 4]           DESIGN-INT
  55 [9, 9, 6, 4, 4, 3, 3, 1, 1]              DESIGN-INT
  56 [18, 18, 10, 7, 7, 7, 7, 3, 3]           DESIGN-INT
  57 [9, 7, 6, 6, 6, 2, 2, 1, 1]              DESIGN-INT
  58 [8, 8, 6, 4, 4, 2, 2, 1, 1]              DESIGN-INT
  59 [16, 16, 10, 7, 7, 4, 4, 4, 4]           DESIGN-INT
  60 [16, 16, 10, 6, 6, 6, 6, 3, 3]           DESIGN-INT
  61 [8, 8, 4, 4, 4, 2, 2, 2, 2]              DESIGN-INT
  62 [8, 7, 7, 4, 4, 3, 1, 1, 1]              DESIGN-INT
  63 [14, 14, 10, 7, 7, 3, 3, 3, 3]           DESIGN-INT
  64 [7, 5, 5, 5, 5, 2, 1, 1, 1]              DESIGN-INT
  65 [20, 14, 14, 14, 14, 4, 4, 4, 4]         INTERFERENCE
  66 [13, 13, 10, 6, 6, 3, 3, 3, 3]           DESIGN-INT
  67 [12, 12, 10, 7, 7, 3, 3, 1, 1]           DESIGN-INT
  68 [6, 6, 4, 4, 4, 2, 2, 0, 0]              DESIGN-INT
  69 [6, 6, 4, 2, 2, 2, 2, 2, 2]              DESIGN-INT
  70 [6, 5, 5, 4, 4, 1, 1, 1, 1]              DESIGN-INT
  71 [6, 5, 5, 2, 2, 2, 2, 2, 2]              DESIGN-INT
  72 [11, 11, 10, 6, 6, 3, 3, 1, 1]           DESIGN-INT
  73 [16, 12, 12, 12, 12, 4, 4, 2, 2]         DESIGN-INT
  74 [5, 5, 5, 3, 3, 1, 1, 1, 0]              DESIGN-INT
  75 [5, 5, 2, 2, 2, 2, 2, 2, 2]              DESIGN-INT
  76 [9, 9, 9, 5, 5, 3, 2, 1, 1]              DESIGN-INT
  77 [9, 9, 8, 6, 6, 2, 2, 1, 1]              DESIGN-INT
  78 [22, 22, 22, 12, 12, 6, 6, 3, 3]         DESIGN-INT
  79 [26, 26, 26, 15, 15, 7, 7, 3, 3]         DESIGN-INT
  80 [17, 17, 17, 9, 9, 6, 3, 3, 3]           DESIGN-INT
  81 [8, 8, 8, 5, 5, 3, 1, 1, 1]              DESIGN-INT
  82 [4, 4, 4, 2, 2, 2, 2, 0, 0]              DESIGN-INT
  83 [4, 4, 4, 2, 2, 2, 1, 1, 0]              DESIGN-INT
  84 [12, 12, 12, 6, 6, 6, 2, 2, 2]           DESIGN-INT
  85 [4, 4, 4, 2, 2, 1, 1, 1, 1]              DESIGN-INT
  86 [16, 16, 14, 11, 11, 3, 3, 3, 3]         DESIGN-INT
  87 [4, 4, 3, 3, 3, 1, 1, 1, 0]              DESIGN-INT
  88 [22, 22, 22, 15, 15, 5, 5, 3, 3]         DESIGN-INT
  89 [7, 7, 7, 5, 5, 2, 1, 1, 1]              DESIGN-INT
  90 [7, 7, 7, 3, 3, 3, 3, 3, 0]              DESIGN-INT
  91 [10, 10, 10, 7, 7, 2, 2, 2, 2]           DESIGN-REAL
  92 [10, 10, 8, 8, 8, 2, 2, 2, 2]            DESIGN-INT
  93 [16, 16, 16, 12, 12, 4, 4, 2, 2]         DESIGN-INT
  94 [16, 16, 16, 6, 6, 6, 6, 6, 6]           DESIGN-INT
  95 [3, 3, 2, 2, 2, 2, 2, 0, 0]              DESIGN-INT
  96 [2, 2, 2, 2, 2, 2, 0, 0, 0]              DESIGN-INT
  97 [2, 2, 2, 2, 2, 1, 1, 0, 0]              DESIGN-INT
  98 [6, 6, 6, 6, 6, 2, 2, 2, 0]              DESIGN-INT
  99 [4, 4, 4, 4, 4, 1, 1, 1, 1]              DESIGN-INT
 100 [4, 4, 4, 4, 4, 4, 4, 0, 0]              DESIGN-INT
 101 [1, 1, 1, 1, 1, 1, 1, 1, 0]              DESIGN-INT
 102 [4, 4, 4, 4, 4, 4, 4, 4, 4]              DESIGN-INT
CENSUS: {'DESIGN-INT': 85, 'INTERFERENCE': 16, 'DESIGN-REAL': 2}
